"              precision    recall  f1-score   support

           0       0.94      0.97      0.95       755
           1       0.98      0.95      0.96       744
           2       0.96      0.96      0.96       759
           3       0.96      0.96      0.96       718
           4       0.94      0.96      0.95       748
           5       0.96      0.95      0.95       741
           6       0.96      0.95      0.95       747

    accuracy                           0.96      5212
   macro avg       0.96      0.96      0.96      5212
weighted avg       0.96      0.96      0.96      5212
"
"              precision    recall  f1-score   support

           0       0.43      0.47      0.45       314
           1       0.63      0.57      0.59       315
           2       0.67      0.66      0.67       304
           3       0.47      0.46      0.47       322
           4       0.68      0.74      0.71       334
           5       0.63      0.61      0.62       333
           6       0.48      0.46      0.47       312

    accuracy                           0.57      2234
   macro avg       0.57      0.57      0.57      2234
weighted avg       0.57      0.57      0.57      2234
"
