"              precision    recall  f1-score   support

           0       0.95      0.96      0.96       745
           1       0.98      0.94      0.96       733
           2       0.96      0.96      0.96       754
           3       0.97      0.96      0.96       705
           4       0.95      0.96      0.96       758
           5       0.94      0.96      0.95       782
           6       0.94      0.95      0.95       735

    accuracy                           0.95      5212
   macro avg       0.96      0.95      0.96      5212
weighted avg       0.96      0.95      0.95      5212
"
"              precision    recall  f1-score   support

           0       0.47      0.48      0.47       324
           1       0.61      0.51      0.56       326
           2       0.63      0.66      0.64       309
           3       0.50      0.46      0.48       335
           4       0.65      0.70      0.68       324
           5       0.57      0.64      0.60       292
           6       0.46      0.45      0.45       324

    accuracy                           0.56      2234
   macro avg       0.55      0.56      0.55      2234
weighted avg       0.55      0.56      0.55      2234
"
